315
10 0 0 0
50 0 0 0
100 0 0 0
200 0 0 0
300 0 0 0
400 0 0 0
500 0 0 0
1000 0 0 0
2000 0 0 0
5000 0 0 0
10000 0 0 0
20000 0 0 0
30000 0 0 0
50000 0 0 0
75000 0 0 0
100000 0 0 0
200000 0 0 0
300000 0 0 0
400000 0 0 0
500000 0 0 0
1000000 0 0 0
10 0 1 0
50 0 1 0
100 0 1 0
200 0 1 0
300 0 1 0
400 0 1 0
500 0 1 0
1000 0 1 0
2000 0 1 0
5000 0 1 0
10000 0 1 0
20000 0 1 0
30000 0 1 0
50000 0 1 0
75000 0 1 0
100000 0 1 0
200000 0 1 0
300000 0 1 0
400000 0 1 0
500000 0 1 0
1000000 0 1 0
10 0 2 0
50 0 2 0
100 0 2 0
200 0 2 0
300 0 2 0
400 0 2 0
500 0 2 0
1000 0 2 0
2000 0 2 0
5000 0 2 0
10000 0 2 0
20000 0 2 0
30000 0 2 0
50000 0 2 0
75000 0 2 0
100000 0 2 0
200000 0 2 0
300000 0 2 0
400000 0 2 0
500000 0 2 0
1000000 0 2 0
10 1 0 0
50 1 0 0
100 1 0 0
200 1 0 0
300 1 0 0
400 1 0 0
500 1 0 0
1000 1 0 0
2000 1 0 0
5000 1 0 0
10000 1 0 0
20000 1 0 0
30000 1 0 0
50000 1 0 0
75000 1 0 0
100000 1 0 0
200000 1 0 0
300000 1 0 0
400000 1 0 0
500000 1 0 0
1000000 1 0 0
10 1 1 0
50 1 1 0
100 1 1 0
200 1 1 0
300 1 1 0
400 1 1 0
500 1 1 0
1000 1 1 0
2000 1 1 0
5000 1 1 0
10000 1 1 0
20000 1 1 0
30000 1 1 0
50000 1 1 0
75000 1 1 0
100000 1 1 0
200000 1 1 0
300000 1 1 0
400000 1 1 0
500000 1 1 0
1000000 1 1 0
10 1 2 0
50 1 2 0
100 1 2 0
200 1 2 0
300 1 2 0
400 1 2 0
500 1 2 0
1000 1 2 0
2000 1 2 0
5000 1 2 0
10000 1 2 0
20000 1 2 0
30000 1 2 0
50000 1 2 0
75000 1 2 0
100000 1 2 0
200000 1 2 0
300000 1 2 0
400000 1 2 0
500000 1 2 0
1000000 1 2 0
10 2 0 0
50 2 0 0
100 2 0 0
200 2 0 0
300 2 0 0
400 2 0 0
500 2 0 0
1000 2 0 0
2000 2 0 0
5000 2 0 0
10000 2 0 0
20000 2 0 0
30000 2 0 0
50000 2 0 0
75000 2 0 0
100000 2 0 0
200000 2 0 0
300000 2 0 0
400000 2 0 0
500000 2 0 0
1000000 2 0 0
10 2 1 0
50 2 1 0
100 2 1 0
200 2 1 0
300 2 1 0
400 2 1 0
500 2 1 0
1000 2 1 0
2000 2 1 0
5000 2 1 0
10000 2 1 0
20000 2 1 0
30000 2 1 0
50000 2 1 0
75000 2 1 0
100000 2 1 0
200000 2 1 0
300000 2 1 0
400000 2 1 0
500000 2 1 0
1000000 2 1 0
10 2 2 0
50 2 2 0
100 2 2 0
200 2 2 0
300 2 2 0
400 2 2 0
500 2 2 0
1000 2 2 0
2000 2 2 0
5000 2 2 0
10000 2 2 0
20000 2 2 0
30000 2 2 0
50000 2 2 0
75000 2 2 0
100000 2 2 0
200000 2 2 0
300000 2 2 0
400000 2 2 0
500000 2 2 0
1000000 2 2 0
10 3 0 0
50 3 0 0
100 3 0 0
200 3 0 0
300 3 0 0
400 3 0 0
500 3 0 0
1000 3 0 0
2000 3 0 0
5000 3 0 0
10000 3 0 0
20000 3 0 0
30000 3 0 0
50000 3 0 0
75000 3 0 0
100000 3 0 0
200000 3 0 0
300000 3 0 0
400000 3 0 0
500000 3 0 0
1000000 3 0 0
10 3 1 0
50 3 1 0
100 3 1 0
200 3 1 0
300 3 1 0
400 3 1 0
500 3 1 0
1000 3 1 0
2000 3 1 0
5000 3 1 0
10000 3 1 0
20000 3 1 0
30000 3 1 0
50000 3 1 0
75000 3 1 0
100000 3 1 0
200000 3 1 0
300000 3 1 0
400000 3 1 0
500000 3 1 0
1000000 3 1 0
10 3 2 0
50 3 2 0
100 3 2 0
200 3 2 0
300 3 2 0
400 3 2 0
500 3 2 0
1000 3 2 0
2000 3 2 0
5000 3 2 0
10000 3 2 0
20000 3 2 0
30000 3 2 0
50000 3 2 0
75000 3 2 0
100000 3 2 0
200000 3 2 0
300000 3 2 0
400000 3 2 0
500000 3 2 0
1000000 3 2 0
10 4 0 0
50 4 0 0
100 4 0 0
200 4 0 0
300 4 0 0
400 4 0 0
500 4 0 0
1000 4 0 0
2000 4 0 0
5000 4 0 0
10000 4 0 0
20000 4 0 0
30000 4 0 0
50000 4 0 0
75000 4 0 0
100000 4 0 0
200000 4 0 0
300000 4 0 0
400000 4 0 0
500000 4 0 0
1000000 4 0 0
10 4 1 0
50 4 1 0
100 4 1 0
200 4 1 0
300 4 1 0
400 4 1 0
500 4 1 0
1000 4 1 0
2000 4 1 0
5000 4 1 0
10000 4 1 0
20000 4 1 0
30000 4 1 0
50000 4 1 0
75000 4 1 0
100000 4 1 0
200000 4 1 0
300000 4 1 0
400000 4 1 0
500000 4 1 0
1000000 4 1 0
10 4 2 0
50 4 2 0
100 4 2 0
200 4 2 0
300 4 2 0
400 4 2 0
500 4 2 0
1000 4 2 0
2000 4 2 0
5000 4 2 0
10000 4 2 0
20000 4 2 0
30000 4 2 0
50000 4 2 0
75000 4 2 0
100000 4 2 0
200000 4 2 0
300000 4 2 0
400000 4 2 0
500000 4 2 0
1000000 4 2 0